rho = 8000
kappa = 5/6
A = 0.0025
G = 79.3e9
E = 200e9
I = 5.20833333e-7