rho = 1522
kappa = 5/6
A = 0.0025
G = 0.0006e9
E = 0.1e9
I = 5.20833333e-7